100
100
7 8 86 87
36 37 91 92
77 78 20 21
93 94 35 36
77 78 21 22
35 36 70 71
2 3 78 79
78 79 45 46
7 8 31 32
12 13 64 65
76 77 55 56
60 61 71 72
37 38 11 12
94 95 4 5
82 83 30 31
58 59 22 23
40 41 17 18
10 11 29 30
95 96 37 38
22 23 69 70
5 6 32 33
77 78 4 5
70 71 9 10
80 81 26 27
51 52 19 20
39 40 28 29
6 7 24 25
8 9 45 46
36 37 95 96
75 76 33 34
23 24 39 40
25 26 72 73
95 96 17 18
22 23 26 27
81 82 37 38
33 34 52 53
85 86 11 12
1 2 42 43
23 24 75 76
13 14 85 86
26 27 59 60
42 43 63 64
95 96 1 2
78 79 27 28
69 70 14 15
55 56 10 11
74 75 12 13
69 70 18 19
22 23 47 48
24 25 33 34
62 63 20 21
81 82 3 4
38 39 74 75
61 62 8 9
53 54 76 77
23 24 76 77
58 59 19 20
94 95 8 9
51 52 65 66
58 59 69 70
19 20 47 48
37 38 86 87
50 51 6 7
79 80 27 28
90 91 18 19
46 47 74 75
52 53 65 66
65 66 15 16
31 32 45 46
25 26 43 44
48 49 85 86
11 12 33 34
53 54 66 67
27 28 28 29
30 31 90 91
3 4 86 87
94 95 27 28
18 19 26 27
25 26 52 53
16 17 85 86
79 80 57 58
75 76 41 42
25 26 71 72
65 66 23 24
22 23 92 93
77 78 3 4
56 57 13 14
40 41 93 94
42 43 11 12
78 79 32 33
15 16 39 40
48 49 67 68
20 21 24 25
82 83 41 42
7 8 93 94
49 50 89 90
28 29 92 93
54 55 9 10
37 38 65 66
47 48 78 79
