100
100
47 48 94 95
70 71 77 78
44 45 25 26
52 53 28 29
22 23 52 53
8 9 43 44
4 5 7 8
3 4 77 78
72 73 44 45
28 29 24 25
59 60 69 70
70 71 61 62
86 87 81 82
4 5 10 11
23 24 43 44
0 1 75 76
48 49 59 60
47 48 34 35
83 84 78 79
0 1 28 29
73 74 43 44
88 89 0 1
42 43 78 79
0 1 31 32
46 47 82 83
70 71 45 46
95 96 8 9
42 43 82 83
48 49 9 10
95 96 3 4
57 58 19 20
29 30 49 50
38 39 94 95
7 8 82 83
1 2 32 33
45 46 75 76
20 21 6 7
56 57 24 25
47 48 55 56
8 9 78 79
87 88 56 57
33 34 75 76
55 56 35 36
20 21 7 8
69 70 57 58
28 29 9 10
66 67 54 55
33 34 61 62
79 80 19 20
37 38 67 68
8 9 47 48
42 43 33 34
54 55 28 29
91 92 8 9
80 81 87 88
65 66 73 74
52 53 52 53
13 14 89 90
76 77 52 53
88 89 13 14
20 21 2 3
39 40 14 15
77 78 87 88
77 78 13 14
63 64 54 55
96 97 26 27
58 59 32 33
69 70 89 90
84 85 63 64
0 1 20 21
3 4 51 52
24 25 65 66
55 56 61 62
71 72 30 31
66 67 4 5
79 80 13 14
49 50 34 35
81 82 66 67
85 86 53 54
52 53 21 22
58 59 54 55
90 91 58 59
90 91 72 73
55 56 1 2
55 56 80 81
58 59 4 5
86 87 21 22
48 49 70 71
85 86 60 61
82 83 33 34
6 7 84 85
50 51 40 41
84 85 92 93
42 43 38 39
32 33 15 16
30 31 49 50
78 79 48 49
75 76 26 27
83 84 1 2
14 15 37 38
