100
100
84 85 86 87
68 69 48 49
80 81 54 55
75 76 69 70
50 51 88 89
30 31 53 54
23 24 7 8
24 25 32 33
16 17 21 22
25 26 8 9
73 74 80 81
58 59 65 66
81 82 8 9
79 80 14 15
70 71 91 92
8 9 46 47
10 11 49 50
51 52 35 36
74 75 61 62
54 55 73 74
3 4 76 77
88 89 61 62
9 10 38 39
3 4 52 53
84 85 63 64
68 69 24 25
44 45 78 79
70 71 37 38
96 97 56 57
28 29 61 62
71 72 15 16
83 84 65 66
72 73 71 72
28 29 15 16
44 45 5 6
82 83 69 70
88 89 69 70
48 49 82 83
62 63 65 66
57 58 97 98
23 24 95 96
59 60 87 88
92 93 45 46
10 11 31 32
13 14 74 75
53 54 28 29
92 93 19 20
70 71 44 45
37 38 68 69
19 20 91 92
87 88 82 83
45 46 74 75
59 60 54 55
84 85 17 18
54 55 76 77
40 41 75 76
78 79 78 79
84 85 46 47
66 67 4 5
23 24 63 64
18 19 83 84
97 98 77 78
41 42 70 71
4 5 18 19
5 6 28 29
76 77 78 79
64 65 93 94
30 31 59 60
56 57 30 31
70 71 4 5
93 94 74 75
66 67 35 36
62 63 29 30
8 9 59 60
94 95 76 77
53 54 74 75
12 13 18 19
77 78 2 3
94 95 84 85
7 8 3 4
29 30 10 11
53 54 45 46
30 31 75 76
85 86 17 18
18 19 34 35
17 18 21 22
76 77 69 70
47 48 79 80
5 6 74 75
84 85 31 32
6 7 20 21
52 53 67 68
45 46 5 6
96 97 71 72
94 95 73 74
43 44 61 62
84 85 16 17
16 17 1 2
1 2 74 75
78 79 92 93
