200
100
27 28 186 187
52 53 17 18
23 24 134 135
84 85 162 163
57 58 99 100
30 31 182 183
69 70 105 106
54 55 146 147
34 35 174 175
21 22 197 198
54 55 41 42
1 2 2 3
38 39 2 3
21 22 151 152
57 58 22 23
11 12 113 114
76 77 154 155
31 32 69 70
27 28 186 187
27 28 187 188
53 54 21 22
33 34 176 177
44 45 29 30
9 10 1 2
70 71 93 94
35 36 124 125
35 36 5 6
74 75 158 159
40 41 4 5
24 25 157 158
28 29 163 164
67 68 96 97
33 34 146 147
33 34 108 109
27 28 186 187
31 32 140 141
30 31 152 153
48 49 160 161
42 43 178 179
27 28 186 187
18 19 133 134
23 24 196 197
67 68 157 158
27 28 42 43
45 46 137 138
39 40 173 174
49 50 125 126
46 47 168 169
68 69 125 126
37 38 142 143
47 48 97 98
25 26 189 190
19 20 167 168
57 58 97 98
23 24 191 192
60 61 46 47
25 26 102 103
61 62 63 64
82 83 94 95
49 50 62 63
55 56 137 138
78 79 153 154
31 32 147 148
18 19 172 173
42 43 12 13
28 29 180 181
45 46 103 104
81 82 156 157
38 39 3 4
34 35 69 70
57 58 163 164
22 23 191 192
19 20 142 143
54 55 20 21
20 21 187 188
45 46 148 149
48 49 15 16
25 26 42 43
66 67 121 122
26 27 157 158
25 26 190 191
53 54 160 161
55 56 43 44
76 77 161 162
29 30 43 44
21 22 194 195
54 55 22 23
50 51 154 155
39 40 97 98
24 25 149 150
28 29 185 186
24 25 111 112
54 55 18 19
78 79 162 163
56 57 98 99
18 19 127 128
32 33 12 13
29 30 175 176
50 51 116 117
38 39 3 4
